Traveling Repairman Problem (TRP) Instances based on uniform distribution. Designed by Amir Salehipour, University of Antwerp, 2006.
Number-of-machines: 500
Lowest range: 0
Highest range: 500

No.	x-Coor	y-Coor
0	191	133
1	12	300
2	275	238
3	229	236
4	172	59
5	355	231
6	168	335
7	121	482
8	249	119
9	96	369
10	287	23
11	495	327
12	465	267
13	112	379
14	262	29
15	316	445
16	81	376
17	332	326
18	344	286
19	235	19
20	141	22
21	392	220
22	251	380
23	269	196
24	114	78
25	344	379
26	91	294
27	44	354
28	84	124
29	436	106
30	339	477
31	105	184
32	18	167
33	445	169
34	372	221
35	283	79
36	79	174
37	80	107
38	83	350
39	125	340
40	19	418
41	447	334
42	37	219
43	392	198
44	121	137
45	69	70
46	207	34
47	113	137
48	211	3
49	478	72
50	259	473
51	204	44
52	230	407
53	365	184
54	411	132
55	151	156
56	368	52
57	290	202
58	343	269
59	254	335
60	263	365
61	463	42
62	184	376
63	433	145
64	258	214
65	75	229
66	43	51
67	96	243
68	227	444
69	204	199
70	120	192
71	74	86
72	456	221
73	275	405
74	368	491
75	111	449
76	91	192
77	85	243
78	226	258
79	425	254
80	151	453
81	395	290
82	402	43
83	324	211
84	97	334
85	74	350
86	237	74
87	386	278
88	467	495
89	317	317
90	111	12
91	211	424
92	75	333
93	419	350
94	430	15
95	216	211
96	269	205
97	112	355
98	158	113
99	16	184
100	254	456
101	465	290
102	431	400
103	347	82
104	478	271
105	350	269
106	214	36
107	64	348
108	76	331
109	463	492
110	34	56
111	197	467
112	383	281
113	416	481
114	270	5
115	69	101
116	6	15
117	384	124
118	9	372
119	480	49
120	455	276
121	320	39
122	455	344
123	450	12
124	346	55
125	231	252
126	417	371
127	23	177
128	156	320
129	13	174
130	341	39
131	142	105
132	48	47
133	353	411
134	420	267
135	75	436
136	255	62
137	193	364
138	258	299
139	411	411
140	26	203
141	253	163
142	97	28
143	119	200
144	139	292
145	124	396
146	111	117
147	163	41
148	469	413
149	409	162
150	254	441
151	187	202
152	126	12
153	445	431
154	184	337
155	258	242
156	151	303
157	76	215
158	236	172
159	172	94
160	276	491
161	486	61
162	462	215
163	323	460
164	246	304
165	106	344
166	241	330
167	137	10
168	206	335
169	74	380
170	437	477
171	64	405
172	142	209
173	259	350
174	132	27
175	135	125
176	400	43
177	352	37
178	420	389
179	80	112
180	249	238
181	13	374
182	251	446
183	12	224
184	23	71
185	88	305
186	358	312
187	171	4
188	315	103
189	380	461
190	228	396
191	228	259
192	235	399
193	489	143
194	146	273
195	157	453
196	237	63
197	214	123
198	296	380
199	164	413
200	499	86
201	14	254
202	433	17
203	184	345
204	373	496
205	30	397
206	105	157
207	436	165
208	397	339
209	182	154
210	445	78
211	43	141
212	359	454
213	311	415
214	28	302
215	210	349
216	442	73
217	393	227
218	286	341
219	475	440
220	413	228
221	320	459
222	484	269
223	10	218
224	390	472
225	231	295
226	262	97
227	492	39
228	157	413
229	417	28
230	240	458
231	34	7
232	53	55
233	283	176
234	183	114
235	182	500
236	420	465
237	370	401
238	230	269
239	466	494
240	111	236
241	449	247
242	183	195
243	25	209
244	61	271
245	166	193
246	364	173
247	286	64
248	424	384
249	256	8
250	29	243
251	207	441
252	271	203
253	322	429
254	345	270
255	86	271
256	347	393
257	169	143
258	434	321
259	428	421
260	394	188
261	204	94
262	475	352
263	379	401
264	38	238
265	402	83
266	370	215
267	219	384
268	233	266
269	330	204
270	474	466
271	416	33
272	275	39
273	235	69
274	381	498
275	251	144
276	368	152
277	193	366
278	287	476
279	494	103
280	266	124
281	324	214
282	395	92
283	152	151
284	464	304
285	65	340
286	401	127
287	271	465
288	463	93
289	11	64
290	33	329
291	313	54
292	87	478
293	313	100
294	155	104
295	78	457
296	372	377
297	141	165
298	429	16
299	206	266
300	12	297
301	212	402
302	52	101
303	230	457
304	369	304
305	373	120
306	37	495
307	195	26
308	43	309
309	257	340
310	74	375
311	341	452
312	10	160
313	490	156
314	443	207
315	346	459
316	317	52
317	474	411
318	493	316
319	135	99
320	343	250
321	215	183
322	182	255
323	245	141
324	122	117
325	234	81
326	182	4
327	260	283
328	224	464
329	22	359
330	45	464
331	304	161
332	208	207
333	67	340
334	431	276
335	98	186
336	125	337
337	446	151
338	397	446
339	78	183
340	98	203
341	471	273
342	255	285
343	79	346
344	450	110
345	402	399
346	485	161
347	76	8
348	405	225
349	225	114
350	213	65
351	494	218
352	346	297
353	490	376
354	253	483
355	74	138
356	138	194
357	207	317
358	211	91
359	306	241
360	14	245
361	313	354
362	153	254
363	425	337
364	20	397
365	197	113
366	326	343
367	464	396
368	25	193
369	287	163
370	459	359
371	377	195
372	297	47
373	199	71
374	108	371
375	215	271
376	131	343
377	454	256
378	79	275
379	378	189
380	53	345
381	247	168
382	400	351
383	416	123
384	76	414
385	293	270
386	367	145
387	398	247
388	22	45
389	220	342
390	145	155
391	346	441
392	410	210
393	37	89
394	435	334
395	230	309
396	398	16
397	155	64
398	203	406
399	21	8
400	300	179
401	479	407
402	469	492
403	313	390
404	151	302
405	57	393
406	161	48
407	4	461
408	347	477
409	291	291
410	34	120
411	38	144
412	337	187
413	216	41
414	146	403
415	218	360
416	391	32
417	332	240
418	397	127
419	65	424
420	412	258
421	13	438
422	137	236
423	259	244
424	330	104
425	462	252
426	329	399
427	129	345
428	44	463
429	241	290
430	278	317
431	210	195
432	431	349
433	355	385
434	424	356
435	361	349
436	424	181
437	408	145
438	192	482
439	449	403
440	140	380
441	310	317
442	412	16
443	92	265
444	82	277
445	57	455
446	291	198
447	467	228
448	396	331
449	66	412
450	465	62
451	174	371
452	196	168
453	76	136
454	90	126
455	175	259
456	445	420
457	111	282
458	17	395
459	284	460
460	406	388
461	7	134
462	17	178
463	223	380
464	150	10
465	498	346
466	72	207
467	244	399
468	128	145
469	367	485
470	231	87
471	306	332
472	306	170
473	156	397
474	20	37
475	327	192
476	363	387
477	449	378
478	427	463
479	481	274
480	449	242
481	202	162
482	443	333
483	74	44
484	11	364
485	146	219
486	157	362
487	475	347
488	173	401
489	253	366
490	435	20
491	107	422
492	186	190
493	256	191
494	135	342
495	4	236
496	439	216
497	242	292
498	410	57
499	436	120
500	26	406
