Traveling Repairman Problem (TRP) Instances based on uniform distribution. Designed by Amir Salehipour, University of Antwerp, 2006.
Number-of-machines: 500
Lowest range: 0
Highest range: 500

No.	x-Coor	y-Coor
0	493	271
1	466	333
2	27	357
3	491	384
4	61	491
5	484	394
6	18	282
7	244	355
8	13	361
9	201	235
10	100	450
11	290	195
12	179	455
13	220	60
14	137	356
15	379	446
16	54	401
17	301	155
18	50	384
19	409	268
20	98	4
21	485	35
22	392	89
23	75	488
24	85	186
25	272	395
26	482	292
27	88	458
28	19	239
29	367	384
30	99	491
31	442	233
32	116	388
33	484	177
34	247	78
35	258	54
36	339	172
37	219	375
38	471	376
39	181	150
40	9	126
41	479	204
42	249	480
43	348	344
44	464	289
45	474	38
46	434	419
47	405	484
48	292	19
49	282	224
50	263	128
51	103	173
52	120	114
53	457	228
54	436	225
55	443	323
56	469	257
57	219	90
58	243	113
59	392	10
60	168	265
61	195	189
62	266	385
63	158	156
64	335	157
65	226	325
66	136	46
67	25	8
68	416	26
69	234	113
70	359	45
71	257	440
72	288	231
73	159	184
74	196	121
75	60	65
76	429	401
77	448	206
78	113	462
79	106	159
80	140	245
81	113	214
82	293	176
83	121	393
84	344	183
85	352	250
86	202	73
87	37	388
88	432	282
89	229	320
90	230	260
91	205	72
92	183	11
93	417	163
94	384	52
95	169	356
96	242	304
97	7	326
98	52	190
99	2	119
100	162	437
101	378	63
102	319	375
103	211	7
104	4	218
105	124	36
106	359	116
107	198	46
108	8	487
109	51	333
110	377	384
111	283	64
112	316	433
113	237	299
114	121	86
115	295	428
116	268	220
117	144	179
118	453	345
119	222	91
120	252	427
121	305	71
122	486	102
123	422	457
124	123	298
125	67	196
126	280	16
127	400	53
128	178	308
129	397	476
130	99	191
131	145	14
132	200	40
133	249	429
134	239	205
135	31	385
136	61	375
137	1	370
138	407	459
139	281	226
140	386	492
141	446	434
142	174	334
143	488	46
144	284	184
145	346	402
146	477	161
147	210	28
148	138	484
149	56	345
150	202	4
151	113	88
152	458	106
153	204	78
154	307	257
155	189	229
156	297	196
157	433	431
158	28	52
159	30	217
160	232	395
161	211	324
162	136	480
163	164	70
164	402	218
165	196	164
166	257	120
167	458	354
168	111	243
169	173	47
170	260	393
171	80	293
172	497	114
173	42	276
174	204	212
175	23	197
176	261	351
177	382	195
178	345	458
179	197	196
180	452	484
181	63	326
182	210	260
183	73	287
184	328	485
185	430	327
186	234	93
187	401	200
188	267	27
189	51	260
190	453	185
191	484	68
192	247	43
193	17	168
194	267	237
195	15	412
196	389	104
197	317	473
198	260	458
199	479	447
200	57	112
201	267	176
202	86	411
203	115	185
204	27	298
205	2	376
206	418	168
207	440	364
208	211	37
209	38	102
210	454	283
211	340	181
212	456	478
213	387	452
214	492	77
215	216	346
216	390	479
217	238	53
218	64	228
219	203	435
220	340	363
221	206	323
222	132	188
223	439	74
224	313	479
225	133	56
226	350	393
227	408	417
228	35	83
229	462	311
230	386	306
231	336	447
232	54	22
233	165	119
234	305	256
235	158	91
236	409	240
237	237	0
238	17	100
239	41	140
240	352	94
241	257	294
242	288	191
243	471	486
244	148	475
245	2	302
246	310	165
247	407	170
248	422	252
249	133	240
250	339	31
251	491	247
252	76	24
253	435	12
254	388	86
255	322	457
256	270	182
257	127	284
258	491	129
259	299	209
260	461	288
261	229	380
262	23	500
263	16	386
264	5	262
265	495	485
266	85	421
267	228	450
268	328	388
269	407	165
270	450	157
271	376	371
272	149	125
273	229	196
274	76	488
275	175	360
276	275	234
277	132	204
278	176	486
279	261	418
280	454	220
281	369	125
282	353	119
283	411	200
284	286	83
285	24	470
286	297	153
287	310	185
288	210	379
289	315	402
290	47	376
291	397	166
292	38	103
293	466	135
294	309	127
295	259	45
296	62	374
297	139	136
298	344	149
299	96	450
300	218	437
301	423	138
302	417	241
303	249	152
304	317	482
305	399	479
306	301	229
307	283	305
308	334	264
309	251	239
310	353	254
311	141	497
312	263	48
313	452	193
314	151	361
315	358	106
316	29	359
317	9	87
318	185	415
319	330	479
320	474	47
321	264	207
322	123	313
323	161	412
324	390	162
325	272	281
326	131	25
327	55	458
328	129	146
329	225	180
330	253	434
331	283	29
332	265	334
333	448	435
334	369	499
335	210	326
336	323	268
337	458	67
338	193	221
339	378	72
340	72	323
341	82	234
342	354	429
343	162	64
344	377	151
345	137	180
346	26	375
347	477	30
348	114	426
349	176	5
350	126	145
351	58	307
352	151	414
353	293	247
354	77	372
355	297	325
356	388	349
357	496	271
358	126	280
359	142	406
360	360	120
361	134	479
362	231	19
363	59	376
364	403	275
365	391	322
366	6	331
367	62	489
368	383	335
369	349	133
370	235	18
371	295	162
372	486	421
373	99	270
374	441	223
375	188	26
376	75	193
377	428	70
378	22	29
379	165	285
380	101	103
381	61	116
382	446	367
383	422	391
384	84	457
385	469	319
386	15	234
387	265	30
388	155	297
389	237	310
390	184	229
391	10	422
392	158	85
393	495	144
394	445	397
395	445	430
396	316	206
397	415	317
398	278	388
399	356	486
400	461	286
401	264	99
402	158	427
403	115	326
404	323	316
405	25	175
406	128	99
407	333	41
408	385	90
409	80	98
410	434	441
411	66	434
412	299	462
413	451	61
414	220	357
415	97	199
416	362	405
417	109	472
418	293	329
419	271	403
420	62	391
421	342	351
422	440	459
423	398	287
424	175	81
425	189	33
426	315	311
427	210	378
428	439	324
429	430	186
430	385	67
431	394	410
432	275	474
433	145	139
434	443	3
435	173	65
436	80	16
437	334	29
438	176	267
439	461	15
440	86	7
441	98	251
442	304	480
443	76	291
444	268	324
445	381	232
446	273	138
447	10	451
448	327	233
449	280	4
450	18	338
451	275	70
452	231	263
453	411	99
454	284	307
455	295	34
456	317	398
457	345	259
458	9	254
459	376	159
460	457	74
461	97	445
462	278	19
463	227	108
464	289	0
465	185	174
466	322	52
467	50	129
468	5	282
469	250	159
470	99	192
471	188	106
472	206	359
473	237	264
474	428	263
475	341	420
476	318	261
477	138	271
478	181	485
479	340	118
480	70	171
481	300	461
482	46	191
483	484	407
484	35	299
485	293	8
486	352	360
487	441	446
488	234	76
489	344	180
490	448	469
491	214	463
492	304	153
493	328	361
494	156	142
495	159	173
496	220	218
497	327	379
498	275	129
499	79	20
500	94	121
