Traveling Repairman Problem (TRP) Instances based on uniform distribution. Designed by Amir Salehipour, University of Antwerp, 2006.
Number-of-machines: 500
Lowest range: 0
Highest range: 500

No.	x-Coor	y-Coor
0	26	253
1	291	228
2	399	298
3	59	70
4	388	417
5	26	433
6	294	372
7	181	291
8	107	185
9	224	478
10	284	373
11	201	340
12	90	486
13	174	286
14	257	187
15	319	57
16	495	293
17	92	297
18	99	11
19	352	239
20	182	301
21	83	109
22	294	74
23	102	52
24	452	181
25	403	173
26	327	403
27	19	15
28	124	375
29	42	53
30	408	169
31	199	35
32	401	474
33	116	246
34	3	83
35	173	18
36	67	144
37	72	73
38	182	361
39	26	26
40	486	123
41	203	118
42	275	245
43	314	14
44	418	279
45	484	245
46	346	99
47	307	115
48	141	223
49	210	164
50	471	51
51	33	497
52	400	499
53	451	73
54	338	212
55	140	276
56	147	322
57	322	347
58	155	446
59	74	499
60	117	385
61	61	305
62	367	214
63	58	180
64	195	233
65	422	29
66	195	469
67	397	406
68	115	189
69	384	246
70	474	122
71	87	5
72	452	351
73	159	283
74	321	67
75	240	269
76	445	149
77	34	68
78	96	266
79	318	252
80	119	461
81	5	208
82	192	405
83	183	116
84	225	300
85	234	123
86	128	102
87	459	55
88	496	52
89	320	240
90	456	184
91	207	266
92	204	288
93	373	257
94	485	24
95	408	495
96	45	130
97	414	463
98	311	445
99	262	139
100	322	183
101	72	122
102	165	177
103	304	411
104	451	30
105	110	423
106	71	389
107	324	71
108	274	289
109	247	487
110	314	271
111	101	214
112	186	229
113	306	441
114	226	187
115	459	125
116	74	457
117	168	53
118	281	389
119	122	197
120	69	158
121	39	426
122	5	291
123	390	406
124	113	401
125	28	264
126	191	306
127	125	353
128	332	13
129	44	185
130	439	249
131	52	369
132	228	5
133	498	118
134	498	296
135	366	179
136	179	72
137	321	237
138	424	14
139	160	134
140	258	141
141	294	483
142	53	445
143	159	498
144	352	1
145	192	126
146	283	261
147	270	302
148	110	477
149	239	407
150	166	469
151	442	263
152	189	175
153	371	232
154	325	196
155	341	260
156	322	291
157	323	432
158	166	19
159	336	375
160	192	481
161	18	85
162	416	371
163	297	499
164	123	286
165	271	403
166	465	498
167	210	495
168	84	136
169	309	177
170	31	493
171	93	426
172	498	399
173	99	287
174	122	374
175	241	352
176	376	2
177	493	275
178	325	241
179	271	175
180	249	114
181	180	479
182	402	487
183	482	61
184	427	390
185	457	232
186	192	75
187	30	419
188	57	277
189	306	118
190	341	371
191	415	435
192	7	382
193	290	299
194	327	50
195	282	184
196	47	406
197	252	398
198	310	56
199	24	291
200	360	136
201	341	443
202	290	128
203	218	162
204	348	4
205	335	382
206	74	388
207	350	272
208	266	203
209	286	151
210	65	492
211	371	22
212	156	373
213	478	313
214	355	339
215	56	153
216	103	339
217	189	251
218	130	354
219	177	223
220	298	424
221	275	429
222	397	319
223	491	153
224	412	315
225	63	216
226	11	276
227	36	326
228	291	493
229	51	270
230	26	489
231	249	254
232	455	231
233	433	484
234	350	471
235	380	308
236	410	148
237	424	498
238	216	72
239	236	7
240	281	330
241	402	268
242	465	127
243	227	372
244	246	9
245	368	203
246	145	170
247	228	346
248	290	308
249	209	364
250	413	211
251	252	264
252	270	52
253	278	220
254	264	72
255	437	403
256	290	129
257	292	472
258	55	287
259	344	79
260	394	428
261	29	439
262	357	67
263	71	317
264	64	333
265	353	1
266	112	324
267	172	79
268	37	275
269	40	117
270	103	259
271	399	52
272	431	356
273	420	386
274	236	12
275	245	4
276	184	26
277	336	193
278	139	376
279	310	200
280	308	334
281	407	398
282	66	73
283	474	382
284	451	226
285	112	99
286	122	88
287	380	305
288	275	422
289	180	456
290	294	73
291	237	346
292	146	342
293	295	73
294	294	312
295	430	166
296	134	103
297	116	445
298	224	238
299	441	442
300	331	76
301	104	470
302	41	30
303	91	155
304	473	3
305	168	20
306	340	260
307	83	445
308	385	180
309	116	76
310	456	102
311	367	26
312	230	201
313	427	426
314	363	115
315	313	168
316	70	265
317	326	422
318	404	74
319	197	233
320	252	43
321	183	305
322	316	374
323	498	280
324	87	113
325	211	91
326	83	493
327	14	234
328	362	452
329	490	14
330	87	15
331	281	112
332	144	494
333	291	39
334	85	221
335	313	313
336	417	247
337	226	432
338	490	236
339	149	473
340	15	476
341	195	397
342	463	244
343	212	383
344	375	447
345	158	274
346	329	265
347	490	463
348	104	235
349	217	295
350	288	489
351	12	308
352	353	90
353	3	408
354	458	178
355	158	285
356	8	372
357	386	163
358	214	132
359	261	207
360	193	42
361	490	160
362	349	207
363	36	55
364	80	222
365	23	55
366	42	412
367	316	272
368	21	311
369	423	134
370	147	53
371	99	118
372	487	168
373	307	450
374	280	447
375	409	80
376	316	358
377	244	18
378	237	200
379	472	358
380	280	455
381	333	74
382	207	41
383	203	402
384	463	413
385	96	401
386	308	225
387	500	14
388	448	498
389	181	208
390	433	498
391	360	18
392	323	283
393	384	83
394	410	116
395	302	487
396	490	201
397	473	499
398	467	439
399	101	31
400	295	167
401	337	389
402	22	77
403	341	157
404	468	261
405	437	278
406	274	107
407	270	177
408	373	469
409	75	482
410	113	346
411	482	194
412	75	491
413	472	367
414	339	187
415	394	137
416	214	109
417	165	172
418	200	4
419	56	370
420	198	122
421	206	394
422	232	113
423	249	353
424	200	336
425	187	232
426	419	293
427	422	374
428	477	124
429	63	104
430	166	382
431	419	337
432	496	41
433	299	211
434	79	421
435	31	119
436	371	11
437	322	176
438	63	369
439	360	484
440	118	68
441	293	242
442	230	379
443	487	61
444	218	161
445	182	29
446	117	136
447	463	386
448	493	28
449	164	359
450	224	255
451	108	7
452	297	124
453	322	139
454	354	246
455	117	146
456	19	113
457	168	309
458	276	40
459	492	431
460	395	433
461	467	351
462	194	76
463	270	185
464	134	405
465	387	361
466	29	450
467	78	282
468	363	422
469	447	187
470	16	129
471	491	59
472	373	189
473	290	123
474	114	228
475	208	300
476	185	33
477	261	168
478	221	346
479	35	271
480	431	268
481	297	351
482	215	466
483	188	328
484	36	132
485	139	115
486	292	419
487	403	81
488	227	275
489	342	263
490	130	410
491	356	124
492	344	321
493	107	470
494	356	104
495	406	323
496	468	483
497	430	353
498	333	278
499	138	174
500	359	248
