Traveling Repairman Problem (TRP) Instances based on uniform distribution. Designed by Amir Salehipour, University of Antwerp, 2006.
Number-of-machines: 500
Lowest range: 0
Highest range: 500

No.	x-Coor	y-Coor
0	297	319
1	54	28
2	81	232
3	388	215
4	225	345
5	418	2
6	277	318
7	4	42
8	318	31
9	394	176
10	327	296
11	156	446
12	198	117
13	452	75
14	364	146
15	245	181
16	215	219
17	243	236
18	288	118
19	183	40
20	409	444
21	266	218
22	257	248
23	334	18
24	39	307
25	99	411
26	245	186
27	28	275
28	168	474
29	185	162
30	160	342
31	131	426
32	313	306
33	190	220
34	27	340
35	180	134
36	161	225
37	417	483
38	230	284
39	82	18
40	341	383
41	284	65
42	322	342
43	373	373
44	263	151
45	366	171
46	391	132
47	36	207
48	20	419
49	500	288
50	494	433
51	393	81
52	350	204
53	447	188
54	147	203
55	49	272
56	158	75
57	124	238
58	388	402
59	399	241
60	110	392
61	394	32
62	391	142
63	204	417
64	280	352
65	418	329
66	150	140
67	226	294
68	361	350
69	75	302
70	222	482
71	422	337
72	443	154
73	436	106
74	35	209
75	206	204
76	354	392
77	306	255
78	256	205
79	271	278
80	52	351
81	331	308
82	222	403
83	474	16
84	95	84
85	160	374
86	437	304
87	282	101
88	164	341
89	176	425
90	125	308
91	284	419
92	152	299
93	283	426
94	351	352
95	260	341
96	311	114
97	266	269
98	204	368
99	321	314
100	469	283
101	203	29
102	38	54
103	99	276
104	304	313
105	441	28
106	282	446
107	13	370
108	179	215
109	144	211
110	306	319
111	88	483
112	49	296
113	391	335
114	353	386
115	343	88
116	416	273
117	342	473
118	38	319
119	233	404
120	360	199
121	470	326
122	398	76
123	164	367
124	126	195
125	350	352
126	15	48
127	61	410
128	271	1
129	13	205
130	195	10
131	7	62
132	382	338
133	359	486
134	216	390
135	437	357
136	348	81
137	141	308
138	131	351
139	399	51
140	197	246
141	3	172
142	139	180
143	375	157
144	0	287
145	81	160
146	17	495
147	170	291
148	332	210
149	175	431
150	113	263
151	352	332
152	297	494
153	473	42
154	401	129
155	270	389
156	114	330
157	343	70
158	105	61
159	119	85
160	274	168
161	186	54
162	377	300
163	79	157
164	245	78
165	354	245
166	40	134
167	12	356
168	252	427
169	126	173
170	398	471
171	221	178
172	115	361
173	253	23
174	105	240
175	270	387
176	146	107
177	56	322
178	94	88
179	373	369
180	115	83
181	96	445
182	71	403
183	340	284
184	276	321
185	401	426
186	76	141
187	84	41
188	451	206
189	257	87
190	97	470
191	197	80
192	184	23
193	64	478
194	255	225
195	81	465
196	453	317
197	246	126
198	47	175
199	150	297
200	444	71
201	238	102
202	153	105
203	85	431
204	391	186
205	18	397
206	303	205
207	160	11
208	474	287
209	219	112
210	213	277
211	122	313
212	285	329
213	288	461
214	74	256
215	147	408
216	350	24
217	219	81
218	114	33
219	338	129
220	219	74
221	341	164
222	213	103
223	308	355
224	116	224
225	175	394
226	84	18
227	307	106
228	153	119
229	347	201
230	24	156
231	425	455
232	101	482
233	66	321
234	211	299
235	348	242
236	234	97
237	170	178
238	80	27
239	182	115
240	226	110
241	223	71
242	254	422
243	336	367
244	113	139
245	186	175
246	33	89
247	472	105
248	320	198
249	143	359
250	459	479
251	13	208
252	251	435
253	91	308
254	426	40
255	214	122
256	434	177
257	298	467
258	370	167
259	301	448
260	238	296
261	214	291
262	6	469
263	163	353
264	148	381
265	452	308
266	140	352
267	117	291
268	101	220
269	330	500
270	36	411
271	225	36
272	389	108
273	472	487
274	347	133
275	183	25
276	118	450
277	475	34
278	110	417
279	267	23
280	239	189
281	139	362
282	302	402
283	339	84
284	130	39
285	255	278
286	462	111
287	428	344
288	252	40
289	461	111
290	366	406
291	356	108
292	356	413
293	158	467
294	280	255
295	439	266
296	263	236
297	487	291
298	258	313
299	248	8
300	201	431
301	371	246
302	19	312
303	427	361
304	202	64
305	119	401
306	372	271
307	83	30
308	72	451
309	89	233
310	215	8
311	230	62
312	407	89
313	422	444
314	87	474
315	300	313
316	190	389
317	328	84
318	292	393
319	214	231
320	434	221
321	442	493
322	78	220
323	17	455
324	401	283
325	238	51
326	381	405
327	78	219
328	373	268
329	11	248
330	132	477
331	346	75
332	491	356
333	415	51
334	128	433
335	174	427
336	157	8
337	66	103
338	460	446
339	204	375
340	495	80
341	213	220
342	9	378
343	313	372
344	377	245
345	460	207
346	5	118
347	126	200
348	12	233
349	60	484
350	141	216
351	83	248
352	95	375
353	269	25
354	260	345
355	78	108
356	19	468
357	264	115
358	96	62
359	156	486
360	153	447
361	115	405
362	80	394
363	269	422
364	179	371
365	333	297
366	211	229
367	105	321
368	490	225
369	469	133
370	489	17
371	465	302
372	157	26
373	281	190
374	404	294
375	216	352
376	450	252
377	466	3
378	499	8
379	298	302
380	431	75
381	445	486
382	483	160
383	298	104
384	99	412
385	222	375
386	419	266
387	82	433
388	106	284
389	295	478
390	461	116
391	496	91
392	32	492
393	140	240
394	168	362
395	124	229
396	224	102
397	248	120
398	367	403
399	108	380
400	193	245
401	228	281
402	89	97
403	36	305
404	79	227
405	478	90
406	61	273
407	389	152
408	179	453
409	408	434
410	261	65
411	49	423
412	29	164
413	233	350
414	41	53
415	372	262
416	59	487
417	328	456
418	307	218
419	324	50
420	306	292
421	142	213
422	262	210
423	176	310
424	186	373
425	178	481
426	214	427
427	266	428
428	333	425
429	32	403
430	445	410
431	319	191
432	3	351
433	500	87
434	142	44
435	335	128
436	32	371
437	239	115
438	390	80
439	31	170
440	364	443
441	0	355
442	233	463
443	359	119
444	139	2
445	419	84
446	288	475
447	68	435
448	342	8
449	365	435
450	431	188
451	347	327
452	16	308
453	363	141
454	35	235
455	19	165
456	41	309
457	67	106
458	286	389
459	302	199
460	465	465
461	307	278
462	43	453
463	127	91
464	411	76
465	185	341
466	276	469
467	30	263
468	36	398
469	247	213
470	54	233
471	94	56
472	58	68
473	210	366
474	109	125
475	460	197
476	344	339
477	251	448
478	449	254
479	398	83
480	60	132
481	362	225
482	44	410
483	445	381
484	381	393
485	268	333
486	67	333
487	102	432
488	274	271
489	401	342
490	201	295
491	88	472
492	327	100
493	445	132
494	11	488
495	170	166
496	155	202
497	438	83
498	371	234
499	43	454
500	361	496
