Traveling Repairman Problem (TRP) Instances based on uniform distribution. Designed by Amir Salehipour, University of Antwerp, 2006.
Number-of-machines: 500
Lowest range: 0
Highest range: 500

No.	x-Coor	y-Coor
0	324	133
1	21	375
2	109	227
3	40	466
4	233	130
5	107	130
6	74	342
7	74	5
8	375	409
9	219	254
10	401	23
11	265	73
12	230	204
13	135	480
14	198	29
15	91	462
16	265	97
17	144	314
18	316	196
19	371	245
20	157	361
21	37	75
22	233	299
23	159	105
24	323	354
25	403	497
26	236	491
27	451	216
28	267	487
29	241	398
30	430	290
31	200	190
32	239	244
33	383	407
34	47	139
35	145	87
36	206	277
37	233	255
38	76	27
39	458	492
40	134	50
41	313	128
42	203	167
43	196	141
44	82	55
45	123	85
46	60	243
47	68	127
48	115	88
49	322	33
50	290	214
51	18	154
52	20	83
53	205	272
54	427	185
55	114	361
56	342	18
57	8	97
58	82	340
59	255	206
60	230	373
61	17	462
62	449	432
63	191	418
64	91	159
65	495	210
66	113	342
67	347	498
68	66	1
69	412	368
70	183	201
71	471	299
72	311	297
73	500	492
74	229	65
75	88	158
76	92	419
77	110	90
78	35	166
79	265	93
80	194	2
81	391	100
82	161	213
83	193	61
84	141	268
85	269	425
86	323	266
87	80	286
88	231	438
89	253	44
90	79	164
91	357	136
92	379	189
93	42	174
94	336	20
95	191	77
96	279	178
97	451	1
98	159	280
99	319	178
100	369	136
101	144	465
102	402	338
103	193	189
104	120	13
105	187	123
106	144	222
107	427	167
108	130	192
109	408	57
110	446	334
111	72	183
112	28	265
113	70	355
114	408	261
115	194	73
116	202	374
117	356	154
118	54	140
119	264	268
120	326	104
121	172	241
122	16	92
123	366	173
124	209	454
125	254	221
126	38	216
127	216	117
128	452	355
129	96	244
130	289	143
131	485	361
132	420	265
133	180	294
134	492	162
135	451	174
136	22	313
137	33	50
138	364	392
139	447	463
140	312	17
141	81	293
142	363	35
143	132	473
144	391	56
145	329	389
146	259	176
147	68	47
148	132	109
149	342	332
150	6	157
151	118	446
152	213	255
153	46	342
154	434	6
155	144	238
156	461	439
157	342	37
158	250	430
159	33	238
160	10	491
161	24	155
162	354	376
163	18	27
164	275	220
165	21	352
166	463	146
167	326	17
168	229	62
169	443	51
170	52	81
171	135	89
172	7	291
173	442	359
174	107	304
175	335	289
176	307	300
177	388	44
178	189	25
179	114	88
180	113	430
181	352	81
182	310	415
183	346	208
184	230	380
185	408	251
186	122	34
187	301	498
188	129	164
189	243	305
190	420	324
191	158	391
192	103	137
193	81	201
194	458	170
195	339	408
196	239	85
197	419	386
198	72	15
199	147	231
200	203	373
201	76	155
202	124	44
203	226	339
204	334	160
205	55	64
206	251	426
207	324	204
208	50	174
209	216	410
210	429	125
211	379	54
212	75	46
213	262	274
214	351	263
215	403	190
216	464	219
217	39	119
218	120	56
219	197	374
220	456	400
221	146	462
222	243	309
223	359	276
224	129	96
225	361	97
226	452	467
227	122	485
228	369	192
229	374	393
230	329	241
231	492	78
232	156	111
233	339	139
234	246	284
235	204	257
236	160	19
237	234	467
238	115	439
239	491	46
240	146	105
241	34	328
242	454	43
243	161	50
244	198	416
245	199	31
246	264	298
247	493	280
248	251	260
249	472	351
250	218	203
251	442	33
252	436	168
253	490	190
254	165	46
255	151	343
256	238	418
257	209	309
258	439	461
259	290	490
260	469	125
261	137	119
262	493	49
263	191	71
264	49	390
265	388	32
266	332	58
267	306	137
268	103	13
269	41	379
270	270	128
271	476	388
272	368	269
273	311	389
274	492	97
275	8	434
276	414	246
277	39	226
278	431	371
279	70	117
280	179	243
281	490	100
282	458	355
283	396	395
284	310	238
285	464	425
286	383	446
287	302	292
288	329	407
289	219	53
290	272	93
291	16	404
292	96	217
293	209	63
294	71	411
295	322	473
296	95	75
297	132	113
298	47	369
299	16	23
300	33	39
301	290	359
302	38	29
303	171	56
304	241	95
305	266	433
306	21	354
307	218	311
308	404	495
309	406	481
310	486	79
311	339	87
312	84	158
313	124	270
314	127	140
315	171	129
316	74	130
317	5	352
318	344	170
319	327	73
320	53	113
321	237	295
322	54	55
323	222	458
324	55	51
325	341	471
326	324	52
327	215	296
328	256	279
329	227	409
330	306	474
331	71	210
332	66	241
333	45	217
334	490	429
335	218	125
336	40	257
337	369	51
338	268	132
339	338	38
340	97	371
341	179	166
342	314	272
343	252	329
344	53	243
345	156	12
346	268	440
347	127	153
348	469	115
349	302	405
350	243	130
351	494	387
352	307	339
353	356	251
354	137	291
355	81	134
356	402	459
357	35	340
358	260	446
359	450	304
360	243	367
361	80	200
362	275	376
363	454	240
364	71	14
365	119	11
366	447	364
367	9	421
368	288	184
369	341	85
370	211	499
371	167	222
372	174	332
373	481	405
374	47	47
375	14	230
376	423	488
377	119	232
378	169	384
379	373	138
380	489	214
381	294	268
382	26	486
383	320	183
384	243	135
385	422	385
386	123	492
387	17	164
388	443	25
389	40	417
390	137	315
391	354	8
392	18	454
393	349	12
394	368	331
395	403	408
396	167	6
397	76	52
398	481	119
399	185	19
400	261	51
401	151	124
402	78	270
403	253	218
404	67	86
405	190	70
406	71	254
407	80	428
408	282	131
409	296	83
410	370	351
411	270	1
412	378	197
413	169	377
414	391	150
415	69	163
416	258	305
417	30	415
418	365	100
419	202	29
420	232	81
421	359	199
422	465	133
423	8	172
424	294	402
425	441	126
426	250	343
427	402	258
428	221	110
429	229	399
430	413	232
431	138	243
432	482	286
433	18	11
434	346	15
435	392	134
436	455	91
437	431	282
438	17	490
439	154	311
440	465	163
441	218	466
442	162	472
443	429	411
444	127	84
445	366	415
446	283	283
447	260	275
448	4	399
449	24	306
450	465	310
451	58	460
452	77	211
453	242	434
454	2	125
455	239	308
456	32	328
457	13	68
458	337	168
459	185	83
460	352	473
461	141	362
462	314	487
463	9	169
464	226	65
465	413	335
466	242	49
467	134	326
468	270	55
469	81	414
470	272	106
471	189	16
472	61	323
473	167	37
474	85	127
475	209	288
476	481	146
477	72	317
478	399	295
479	159	221
480	378	220
481	499	273
482	277	61
483	259	439
484	32	248
485	189	119
486	257	264
487	129	179
488	444	94
489	473	118
490	294	310
491	240	429
492	427	490
493	127	500
494	6	422
495	190	122
496	17	315
497	54	437
498	245	441
499	276	400
500	192	436
